[Paper0]
Name=Custom Size 1
DisplayName=Custom Size 1
Width=279.39999999999998
Height=431.79999999999995
MarginTop=4.2333333333333325
MarginBottom=4.2333333333333325
MarginLeft=4.2333333333333325
MarginRight=4.2333333333333325
Orientation=portrait

[Paper1]
Name=10x21cm
DisplayName=10x21cm
Width=100.07599999999999
Height=210.05799999999996
MarginTop=4.5861111111111104
MarginBottom=4.5861111111111104
MarginLeft=4.2333333333333325
MarginRight=4.2333333333333325
Orientation=portrait
