[Paper0]
Name=Custom Size 1
DisplayName=Custom Size 1
Width=279.39999999999998
Height=431.79999999999995
MarginTop=4.2333333333333325
MarginBottom=4.2333333333333325
MarginLeft=4.2333333333333325
MarginRight=4.2333333333333325
Orientation=portrait
